 ** OS Runtime Summary (osrtsum):

 Time (%)  Total Time (ns)  Num Calls    Avg (ns)       Med (ns)     Min (ns)     Max (ns)      StdDev (ns)            Name
 --------  ---------------  ---------  -------------  -------------  ---------  -------------  -------------  ----------------------
     50.4   38,047,522,740        390   97,557,750.6  100,154,340.5      1,469    148,947,477   15,727,960.6  poll
     49.0   37,029,872,735        110  336,635,206.7  312,462,094.5  7,747,515  3,274,409,497  284,215,322.2  sem_wait
      0.3      199,936,681        881      226,942.9      205,320.0      1,029      2,586,475      184,907.0  open64
      0.2      136,528,203        483      282,667.1       13,007.0      1,001     17,086,362      952,815.8  ioctl
      0.1       70,564,201      1,165       60,570.1        3,239.0      1,301        602,095      104,187.9  fopen
      0.0       28,997,233        351       82,613.2       79,938.0      1,000        455,007       60,280.5  fclose
      0.0        9,235,501        801       11,530.0        2,685.0      1,019        594,240       40,410.5  read
      0.0        4,079,341         23      177,362.7       31,405.0      2,724      1,018,825      231,484.3  fread
      0.0        3,824,060      1,082        3,534.3        2,857.5      1,045         86,431        4,010.4  getc
      0.0        1,676,169        283        5,922.9        1,327.0      1,001        763,112       45,896.0  mmap64
      0.0        1,236,960        282        4,386.4        1,175.0      1,001         35,306        5,674.6  fgets
      0.0          927,339          4      231,834.8      230,066.0     37,567        429,640      221,786.6  pthread_create
      0.0          738,892         99        7,463.6        6,089.0      1,033         18,151        4,131.9  pthread_cond_signal
      0.0          686,712        269        2,552.8        1,982.0      1,725          8,588        1,396.4  munmap
      0.0          517,545          8       64,693.1        3,294.0      1,975        357,054      127,392.0  fopen64
      0.0          364,505          8       45,563.1       44,085.0      9,752         86,415       35,486.9  sem_timedwait
      0.0          361,160         31       11,650.3       12,236.0      1,204         18,990        6,025.5  write
      0.0          225,712         19       11,879.6        8,912.0      2,704         51,137       11,392.9  mmap
      0.0          138,428          1      138,428.0      138,428.0    138,428        138,428            0.0  pthread_cond_wait
      0.0           42,635          1       42,635.0       42,635.0     42,635         42,635            0.0  waitpid
      0.0           32,883          6        5,480.5        5,867.5      2,152          9,287        2,962.9  pipe2
      0.0           25,769          6        4,294.8        4,873.0      1,439          6,178        1,925.6  open
      0.0           17,312         14        1,236.6        1,196.0      1,062          1,455          137.6  fcntl
      0.0           15,181          2        7,590.5        7,590.5      5,256          9,925        3,301.5  socket
      0.0            9,583          1        9,583.0        9,583.0      9,583          9,583            0.0  connect
      0.0            5,021          1        5,021.0        5,021.0      5,021          5,021            0.0  fflush
      0.0            4,656          2        2,328.0        2,328.0      1,924          2,732          571.3  pthread_cond_broadcast
      0.0            4,078          3        1,359.3        1,393.0      1,227          1,458          119.1  sigaction
      0.0            3,432          2        1,716.0        1,716.0      1,140          2,292          814.6  fwrite
      0.0            3,401          2        1,700.5        1,700.5      1,102          2,299          846.4  signal
      0.0            2,459          1        2,459.0        2,459.0      2,459          2,459            0.0  bind
      0.0            2,456          1        2,456.0        2,456.0      2,456          2,456            0.0  fputs
      0.0            1,462          1        1,462.0        1,462.0      1,462          1,462            0.0  pthread_mutex_lock
      0.0            1,079          1        1,079.0        1,079.0      1,079          1,079            0.0  pthread_mutex_trylock
      0.0            1,014          1        1,014.0        1,014.0      1,014          1,014            0.0  dup2

Processing [measurements/task10/task10_prof.sqlite] with [/appl/cuda/11.8.0/nsight-systems-2022.4.2/host-linux-x64/reports/cudaapisum.py]...

 ** CUDA API Summary (cudaapisum):

 Time (%)  Total Time (ns)  Num Calls    Avg (ns)     Med (ns)    Min (ns)    Max (ns)    StdDev (ns)               Name
 --------  ---------------  ---------  ------------  -----------  ---------  -----------  ------------  ----------------------------
     55.3    5,074,950,240    898,378       5,649.0      5,599.0      3,567    1,328,080       3,659.5  cuLaunchKernel
     32.2    2,953,324,705    189,178      15,611.4     15,245.0      6,641      275,001       2,016.5  cudaMemcpyAsync
      5.8      532,242,865     94,564       5,628.4      5,810.0      3,787    1,201,516       4,117.8  cudaLaunchKernel
      3.4      309,693,068    189,128       1,637.5      1,579.0      1,263       18,641         439.0  cudaStreamSynchronize
      1.7      156,438,678    189,148         827.1        795.0        597       18,405         300.0  cudaStreamIsCapturing_v10000
      1.5      139,553,511         10  13,955,351.1    137,597.0     70,612  135,374,366  42,670,594.0  cudaMalloc
      0.0        2,868,600         14     204,900.0    186,188.0    114,040      328,321      65,319.5  cuModuleLoadData
      0.0        2,212,620          2   1,106,310.0  1,106,310.0  1,020,973    1,191,647     120,684.7  cudaHostAlloc
      0.0          756,702          7     108,100.3     82,452.0     57,816      215,954      52,869.5  cuModuleUnload
      0.0          124,424         10      12,442.4      9,282.5      8,629       32,817       7,559.3  cudaMemsetAsync
      0.0          103,851         39       2,662.8      2,556.0        845        7,602       1,573.6  cudaEventQuery
      0.0           99,215        384         258.4        191.0        127        1,531         169.4  cuGetProcAddress
      0.0           73,887         20       3,694.4      3,284.5      3,015        7,786       1,236.4  cudaEventRecord
      0.0           58,810         20       2,940.5      2,240.5      1,977       14,184       2,703.0  cudaEventCreateWithFlags
      0.0           56,513          1      56,513.0     56,513.0     56,513       56,513           0.0  cudaMemGetInfo
      0.0           36,176         19       1,904.0      1,776.0      1,662        3,161         360.1  cudaEventDestroy
      0.0            2,842          1       2,842.0      2,842.0      2,842        2,842           0.0  cuInit
      0.0            1,625          2         812.5        812.5        208        1,417         854.9  cuModuleGetLoadingMode

Processing [measurements/task10/task10_prof.sqlite] with [/appl/cuda/11.8.0/nsight-systems-2022.4.2/host-linux-x64/reports/gpukernsum.py]...

 ** CUDA GPU Kernel Summary (gpukernsum):

 Time (%)  Total Time (ns)  Instances  Avg (ns)  Med (ns)  Min (ns)  Max (ns)  StdDev (ns)     GridXYZ         BlockXYZ                                                     Name
 --------  ---------------  ---------  --------  --------  --------  --------  -----------  --------------  --------------  ----------------------------------------------------------------------------------------------------
     29.6    3,397,574,460    141,846  23,952.6  20,768.0    11,744    43,776      5,988.4  2048    1    1   128    1    1  cupy_add__float64_float64_float64
     24.3    2,788,463,854    141,846  19,658.4  19,552.0    18,944    35,905      1,157.3   512    1    1   512    1    1  cupy_scan_naive
     11.1    1,272,506,283     94,564  13,456.6  12,129.0    10,495    22,945      2,251.4  2048    1    1   128    1    1  cupy_getitem_mask
     10.7    1,226,133,384    141,846   8,644.1   7,969.0     7,457    19,169        991.5   512    1    1   256    1    1  cupy_bsum_shfl
      5.3      606,288,126     47,282  12,822.8  12,768.0    11,680    22,464        720.3  2048    1    1   128    1    1  cupy_multiply__float_float64_float64
      4.7      538,755,550     47,282  11,394.5  11,360.0    10,624    20,672        672.3  2048    1    1   128    1    1  cupy_scatter_update_mask
      4.4      510,475,199    141,846   3,598.8   3,552.0     3,103    13,504        237.1     1    1    1   512    1    1  cupy_scan_naive
      1.5      169,510,811     47,282   3,585.1   3,552.0     3,072    13,472        239.7     1    1    1   256    1    1  void cub::CUB_200200_350_370_500_520_600_610_700_750_800_860_890_900_NS::DeviceReduceSingleTileKern…
      1.3      146,347,625     47,282   3,095.2   3,136.0     2,528    13,408        239.4     1    1    1     1    1    1  cupy_less__float64_float_bool
      1.0      110,321,282     15,835   6,966.9   6,944.0     6,400    19,808        203.9    48    1    1   256    1    1  void cub::CUB_200200_350_370_500_520_600_610_700_750_800_860_890_900_NS::DeviceReduceKernel<cub::CU…
      1.0      109,546,101     15,835   6,918.0   6,880.0     6,272    15,552        224.8   768    1    1   128    1    1  cupy_subtract__float64_float64_float64
      0.8       96,768,329     15,835   6,111.0   6,080.0     5,600    13,632        130.9   768    1    1   128    1    1  cupy_absolute__float64_float64
      0.4       46,751,081      6,518   7,172.6   7,104.0     6,656    13,280        271.6   804    1    1   128    1    1  cupy_subtract__float64_float64_float64
      0.4       40,864,945      6,518   6,269.6   6,240.0     5,728     7,136        132.9   804    1    1   128    1    1  cupy_absolute__float64_float64
      0.4       40,858,490      6,518   6,268.6   6,240.0     6,080    13,440        138.8    51    1    1   256    1    1  void cub::CUB_200200_350_370_500_520_600_610_700_750_800_860_890_900_NS::DeviceReduceKernel<cub::CU…
      0.3       33,804,967      5,493   6,154.2   6,144.0     5,632    13,216        169.1   622    1    1   128    1    1  cupy_subtract__float64_float64_float64
      0.3       33,803,832      5,493   6,154.0   6,143.0     5,760     8,032        101.7    39    1    1   256    1    1  void cub::CUB_200200_350_370_500_520_600_610_700_750_800_860_890_900_NS::DeviceReduceKernel<cub::CU…
      0.3       30,158,602      5,493   5,490.4   5,472.0     4,960     6,240        121.4   622    1    1   128    1    1  cupy_absolute__float64_float64
      0.2       28,441,037      5,194   5,475.7   5,215.0     5,088    13,377        855.6    28    1    1   256    1    1  void cub::CUB_200200_350_370_500_520_600_610_700_750_800_860_890_900_NS::DeviceReduceKernel<cub::CU…
      0.2       26,798,688      4,735   5,659.7   5,696.0     4,896    13,151        329.8   531    1    1   128    1    1  cupy_subtract__float64_float64_float64
      0.2       26,784,495      4,735   5,656.7   5,600.0     5,184    12,576        169.4    34    1    1   256    1    1  void cub::CUB_200200_350_370_500_520_600_610_700_750_800_860_890_900_NS::DeviceReduceKernel<cub::CU…
      0.2       24,547,142      4,735   5,184.2   5,152.0     4,736     8,000        139.5   531    1    1   128    1    1  cupy_absolute__float64_float64
      0.2       22,985,616      4,479   5,131.9   5,088.0     4,640    13,312        204.9    23    1    1   256    1    1  void cub::CUB_200200_350_370_500_520_600_610_700_750_800_860_890_900_NS::DeviceReduceKernel<cub::CU…
      0.2       20,625,068      4,479   4,604.8   4,576.0     4,128    13,248        210.5   355    1    1   128    1    1  cupy_subtract__float64_float64_float64
      0.2       19,732,289      4,479   4,405.5   4,384.0     3,936     5,152        115.0   355    1    1   128    1    1  cupy_absolute__float64_float64
      0.2       19,612,626      3,493   5,614.8   5,568.0     5,184     6,465        142.3    13    1    1   256    1    1  void cub::CUB_200200_350_370_500_520_600_610_700_750_800_860_890_900_NS::DeviceReduceKernel<cub::CU…
      0.2       19,025,187      3,602   5,281.8   4,960.0     4,767     9,088        929.2   433    1    1   128    1    1  cupy_subtract__float64_float64_float64
      0.2       18,517,398      3,602   5,140.9   4,801.0     4,608     8,960        910.1   433    1    1   128    1    1  cupy_absolute__float64_float64
      0.1       13,819,541      3,493   3,956.4   3,936.0     3,488    12,864        186.7   205    1    1   128    1    1  cupy_subtract__float64_float64_float64
      0.1       13,300,088      3,493   3,807.6   3,776.0     3,680    13,216        188.7   205    1    1   128    1    1  cupy_absolute__float64_float64
      0.1        9,119,406      1,535   5,941.0   5,920.0     5,824     7,776        114.9    27    1    1   256    1    1  void cub::CUB_200200_350_370_500_520_600_610_700_750_800_860_890_900_NS::DeviceReduceKernel<cub::CU…
      0.1        7,900,254      1,592   4,962.5   4,928.0     4,800     5,600        134.2   434    1    1   128    1    1  cupy_subtract__float64_float64_float64
      0.1        7,666,674      1,592   4,815.8   4,800.0     4,608     5,536        109.8   434    1    1   128    1    1  cupy_absolute__float64_float64
      0.1        7,490,463      1,535   4,879.8   4,832.0     4,767     5,504        115.2   426    1    1   128    1    1  cupy_subtract__float64_float64_float64
      0.1        7,280,276      1,535   4,742.9   4,736.0     4,576     5,440        104.3   426    1    1   128    1    1  cupy_absolute__float64_float64
      0.0          273,216         10  27,321.6  27,408.0    26,368    28,192        471.0  2065    1    1   128    1    1  cupy_copy__float64_float64
      0.0          223,298         10  22,329.8  22,304.0    21,664    23,264        478.0  2048    1    1   128    1    1  cupy_copy__float64_float64

Processing [measurements/task10/task10_prof.sqlite] with [/appl/cuda/11.8.0/nsight-systems-2022.4.2/host-linux-x64/reports/gpumemtimesum.py]...

 ** GPU MemOps Summary (by Time) (gpumemtimesum):

 Time (%)  Total Time (ns)   Count   Avg (ns)  Med (ns)  Min (ns)  Max (ns)  StdDev (ns)      Operation
 --------  ---------------  -------  --------  --------  --------  --------  -----------  ------------------
     99.1      286,169,189  189,128   1,513.1   1,472.0     1,056     2,880        127.3  [CUDA memcpy DtoH]
      0.7        1,986,414       20  99,320.7  99,728.5    24,448   175,202     76,438.5  [CUDA memcpy HtoD]
      0.2          567,491       30  18,916.4  23,552.0     8,544    25,600      7,290.3  [CUDA memcpy DtoD]
      0.1          160,928       10  16,092.8  15,936.0    15,392    17,952        736.5  [CUDA memset]

Processing [measurements/task10/task10_prof.sqlite] with [/appl/cuda/11.8.0/nsight-systems-2022.4.2/host-linux-x64/reports/gpumemsizesum.py]...

 ** GPU MemOps Summary (by Size) (gpumemsizesum):

 Total (MB)   Count   Avg (MB)  Med (MB)  Min (MB)  Max (MB)  StdDev (MB)      Operation
 ----------  -------  --------  --------  --------  --------  -----------  ------------------
     44.893       30     1.496     2.114     0.262     2.114        0.888  [CUDA memcpy DtoD]
     23.593       20     1.180     1.180     0.262     2.097        0.941  [CUDA memcpy HtoD]
     21.136       10     2.114     2.114     2.114     2.114        0.000  [CUDA memset]
      0.615  189,128     0.000     0.000     0.000     0.000        0.000  [CUDA memcpy DtoH]
