 ** OS Runtime Summary (osrtsum):

 Time (%)  Total Time (ns)  Num Calls    Avg (ns)       Med (ns)      Min (ns)    Max (ns)     StdDev (ns)            Name
 --------  ---------------  ---------  -------------  -------------  ----------  -----------  -------------  ----------------------
     40.6      733,292,579          2  366,646,289.5  366,646,289.5  10,596,046  722,696,533  503,531,083.2  sem_wait
     38.4      693,905,522         17   40,817,971.9   14,239,999.0       1,224  146,995,499   48,997,459.0  poll
     12.4      223,312,639        854      261,490.2      239,247.5       1,309    1,611,274      142,160.2  open64
      7.3      131,701,020        468      281,412.4       13,053.0       1,092   18,336,457    1,008,448.5  ioctl
      0.6       11,121,400        885       12,566.6        3,817.0       1,003      430,706       29,383.9  read
      0.2        3,861,808         23      167,904.7       29,401.0       3,061      467,365      176,154.6  fread
      0.1        2,016,279        306        6,589.1        1,474.5       1,008      826,522       47,853.8  mmap64
      0.1        1,652,409         42       39,343.1        3,518.5       1,330      792,904      133,588.1  fopen
      0.1        1,267,663        291        4,356.2        1,190.0       1,002       36,078        5,633.5  fgets
      0.1          978,334          4      244,583.5      240,236.0      40,062      457,800      232,380.6  pthread_create
      0.1          969,734        269        3,605.0        2,087.0       1,659       17,955        2,906.4  munmap
      0.0          562,415          8       70,301.9        3,118.5       2,098      383,265      137,520.9  fopen64
      0.0          266,581         69        3,863.5        1,375.0       1,012      139,667       16,651.9  fclose
      0.0          218,757         19       11,513.5        9,319.0       2,628       52,057       11,200.1  mmap
      0.0          152,469          8       19,058.6       17,912.5      11,487       33,580        7,887.5  sem_timedwait
      0.0          127,800          1      127,800.0      127,800.0     127,800      127,800            0.0  pthread_cond_wait
      0.0           59,651          6        9,941.8        7,674.0       5,451       19,027        5,510.6  pipe2
      0.0           32,582          3       10,860.7       11,920.0       8,636       12,026        1,927.3  pthread_cond_signal
      0.0           31,857          1       31,857.0       31,857.0      31,857       31,857            0.0  waitpid
      0.0           26,646          6        4,441.0        5,354.5       1,305        6,829        2,254.9  open
      0.0           19,356         12        1,613.0        1,241.0       1,080        2,401          584.7  fcntl
      0.0           18,451          4        4,612.8        2,107.0       1,632       12,605        5,334.5  signal
      0.0           17,407          7        2,486.7        1,705.0       1,315        6,753        1,920.7  write
      0.0           14,862          4        3,715.5        1,301.0       1,052       11,208        4,997.8  sigaction
      0.0           12,017          2        6,008.5        6,008.5       4,200        7,817        2,557.6  socket
      0.0            9,331          1        9,331.0        9,331.0       9,331        9,331            0.0  connect
      0.0            6,137          2        3,068.5        3,068.5       1,054        5,083        2,848.9  fflush
      0.0            4,993          2        2,496.5        2,496.5       2,100        2,893          560.7  pthread_cond_broadcast
      0.0            3,436          2        1,718.0        1,718.0       1,167        2,269          779.2  fwrite
      0.0            2,932          1        2,932.0        2,932.0       2,932        2,932            0.0  fputs
      0.0            1,590          1        1,590.0        1,590.0       1,590        1,590            0.0  pthread_mutex_trylock
      0.0            1,342          1        1,342.0        1,342.0       1,342        1,342            0.0  bind
      0.0            1,140          1        1,140.0        1,140.0       1,140        1,140            0.0  dup2

Processing [measurements/task10/task10_prof_fixed2.sqlite] with [/appl/cuda/11.8.0/nsight-systems-2022.4.2/host-linux-x64/reports/cudaapisum.py]...

 ** CUDA API Summary (cudaapisum):

 Time (%)  Total Time (ns)  Num Calls    Avg (ns)     Med (ns)    Min (ns)    Max (ns)    StdDev (ns)               Name
 --------  ---------------  ---------  ------------  -----------  ---------  -----------  ------------  ----------------------------
     64.9      138,296,014          9  15,366,223.8    114,022.0     64,929  137,358,969  45,747,295.1  cudaMalloc
     16.0       34,066,579      6,080       5,603.1      5,309.0      3,756      963,957      12,373.7  cuLaunchKernel
     15.1       32,162,870      1,070      30,058.8     35,560.5      6,393       50,092       9,268.3  cudaMemcpyAsync
      1.3        2,682,135         13     206,318.1    167,522.0    112,274      329,608      92,414.1  cuModuleLoadData
      1.0        2,197,300          2   1,098,650.0  1,098,650.0  1,064,447    1,132,853      48,370.3  cudaHostAlloc
      0.7        1,558,725      1,020       1,528.2      1,485.0      1,278       12,385         518.7  cudaStreamSynchronize
      0.4          816,714      1,040         785.3        740.0        611       13,615         464.0  cudaStreamIsCapturing_v10000
      0.3          622,362          7      88,908.9     78,197.0     47,491      162,326      40,195.9  cuModuleUnload
      0.1          179,855         20       8,992.8      6,255.5      4,010       50,600      10,608.8  cudaLaunchKernel
      0.1          140,224         10      14,022.4      9,442.5      8,514       41,238      10,313.4  cudaMemsetAsync
      0.1          129,822         39       3,328.8      3,307.0        915        8,502       2,243.0  cudaEventQuery
      0.0           95,758        384         249.4        193.5        126        1,218         136.8  cuGetProcAddress
      0.0           83,107         20       4,155.4      3,140.0      2,789        8,227       1,880.4  cudaEventRecord
      0.0           74,142          1      74,142.0     74,142.0     74,142       74,142           0.0  cudaMemGetInfo
      0.0           59,666         20       2,983.3      2,265.5      1,726       10,701       2,114.3  cudaEventCreateWithFlags
      0.0           49,762         19       2,619.1      1,888.0      1,612        4,409       1,150.5  cudaEventDestroy
      0.0            2,273          1       2,273.0      2,273.0      2,273        2,273           0.0  cuInit
      0.0            1,681          2         840.5        840.5        192        1,489         917.1  cuModuleGetLoadingMode

Processing [measurements/task10/task10_prof_fixed2.sqlite] with [/appl/cuda/11.8.0/nsight-systems-2022.4.2/host-linux-x64/reports/gpukernsum.py]...

 ** CUDA GPU Kernel Summary (gpukernsum):

 Time (%)  Total Time (ns)  Instances  Avg (ns)  Med (ns)  Min (ns)  Max (ns)  StdDev (ns)     GridXYZ         BlockXYZ                                                     Name
 --------  ---------------  ---------  --------  --------  --------  --------  -----------  --------------  --------------  ----------------------------------------------------------------------------------------------------
     34.7       43,595,510      1,500  29,063.7  27,952.5    12,864    37,248      4,748.1  2048    1    1   128    1    1  cupy_add__float64_float64_float64
     26.0       32,624,351      1,010  32,301.3  35,201.0    21,055    36,448      5,740.9   512    1    1   512    1    1  cupy_scan_naive
     11.2       14,031,345      1,010  13,892.4  14,176.0     8,544    16,608      2,423.8   512    1    1   256    1    1  cupy_bsum_shfl
      7.9        9,968,034        500  19,936.1  21,377.0    13,088    22,881      3,126.4  2048    1    1   128    1    1  cupy_multiply__float_float64_float64
      7.5        9,451,206        510  18,531.8  19,840.0    12,000    24,352      3,118.1  2048    1    1   128    1    1  cupy_getitem_mask
      7.5        9,360,349        500  18,720.7  20,191.0    12,192    21,472      3,135.4  2048    1    1   128    1    1  cupy_scatter_update_mask
      4.5        5,713,806      1,010   5,657.2   6,112.0     3,807     6,976        929.9     1    1    1   512    1    1  cupy_scan_naive
      0.2          295,649         10  29,564.9  29,984.0    27,712    30,656        994.1  2065    1    1   128    1    1  cupy_copy__float64_float64
      0.2          235,905         10  23,590.5  23,568.5    22,976    24,416        490.4  2048    1    1   128    1    1  cupy_copy__float64_float64
      0.0           54,367         10   5,436.7   6,112.0     3,808     6,176      1,116.9     1    1    1   256    1    1  void cub::CUB_200200_350_370_500_520_600_610_700_750_800_860_890_900_NS::DeviceReduceSingleTileKern…
      0.0           24,416          2  12,208.0  12,208.0    12,064    12,352        203.6    48    1    1   256    1    1  void cub::CUB_200200_350_370_500_520_600_610_700_750_800_860_890_900_NS::DeviceReduceKernel<cub::CU…
      0.0           22,912          2  11,456.0  11,456.0    11,232    11,680        316.8   768    1    1   128    1    1  cupy_subtract__float64_float64_float64
      0.0           21,440          2  10,720.0  10,720.0    10,688    10,752         45.3   768    1    1   128    1    1  cupy_absolute__float64_float64
      0.0           14,944          2   7,472.0   7,472.0     5,632     9,312      2,602.2    28    1    1   256    1    1  void cub::CUB_200200_350_370_500_520_600_610_700_750_800_860_890_900_NS::DeviceReduceKernel<cub::CU…
      0.0           11,584          1  11,584.0  11,584.0    11,584    11,584          0.0    39    1    1   256    1    1  void cub::CUB_200200_350_370_500_520_600_610_700_750_800_860_890_900_NS::DeviceReduceKernel<cub::CU…
      0.0           10,432          1  10,432.0  10,432.0    10,432    10,432          0.0   622    1    1   128    1    1  cupy_subtract__float64_float64_float64
      0.0           10,368          1  10,368.0  10,368.0    10,368    10,368          0.0    27    1    1   256    1    1  void cub::CUB_200200_350_370_500_520_600_610_700_750_800_860_890_900_NS::DeviceReduceKernel<cub::CU…
      0.0            9,920          1   9,920.0   9,920.0     9,920     9,920          0.0    34    1    1   256    1    1  void cub::CUB_200200_350_370_500_520_600_610_700_750_800_860_890_900_NS::DeviceReduceKernel<cub::CU…
      0.0            9,761          1   9,761.0   9,761.0     9,761     9,761          0.0   531    1    1   128    1    1  cupy_subtract__float64_float64_float64
      0.0            9,568          1   9,568.0   9,568.0     9,568     9,568          0.0    13    1    1   256    1    1  void cub::CUB_200200_350_370_500_520_600_610_700_750_800_860_890_900_NS::DeviceReduceKernel<cub::CU…
      0.0            9,536          1   9,536.0   9,536.0     9,536     9,536          0.0   622    1    1   128    1    1  cupy_absolute__float64_float64
      0.0            9,119          1   9,119.0   9,119.0     9,119     9,119          0.0   426    1    1   128    1    1  cupy_subtract__float64_float64_float64
      0.0            8,961          1   8,961.0   8,961.0     8,961     8,961          0.0   531    1    1   128    1    1  cupy_absolute__float64_float64
      0.0            8,800          1   8,800.0   8,800.0     8,800     8,800          0.0   426    1    1   128    1    1  cupy_absolute__float64_float64
      0.0            8,608          1   8,608.0   8,608.0     8,608     8,608          0.0   433    1    1   128    1    1  cupy_subtract__float64_float64_float64
      0.0            8,512          1   8,512.0   8,512.0     8,512     8,512          0.0   433    1    1   128    1    1  cupy_absolute__float64_float64
      0.0            7,072          1   7,072.0   7,072.0     7,072     7,072          0.0   804    1    1   128    1    1  cupy_subtract__float64_float64_float64
      0.0            6,880          1   6,880.0   6,880.0     6,880     6,880          0.0   205    1    1   128    1    1  cupy_subtract__float64_float64_float64
      0.0            6,688          1   6,688.0   6,688.0     6,688     6,688          0.0   804    1    1   128    1    1  cupy_absolute__float64_float64
      0.0            6,624          1   6,624.0   6,624.0     6,624     6,624          0.0    51    1    1   256    1    1  void cub::CUB_200200_350_370_500_520_600_610_700_750_800_860_890_900_NS::DeviceReduceKernel<cub::CU…
      0.0            6,432          1   6,432.0   6,432.0     6,432     6,432          0.0   205    1    1   128    1    1  cupy_absolute__float64_float64
      0.0            5,568          1   5,568.0   5,568.0     5,568     5,568          0.0    23    1    1   256    1    1  void cub::CUB_200200_350_370_500_520_600_610_700_750_800_860_890_900_NS::DeviceReduceKernel<cub::CU…
      0.0            5,280          1   5,280.0   5,280.0     5,280     5,280          0.0   434    1    1   128    1    1  cupy_subtract__float64_float64_float64
      0.0            5,184          1   5,184.0   5,184.0     5,184     5,184          0.0   434    1    1   128    1    1  cupy_absolute__float64_float64
      0.0            4,895          1   4,895.0   4,895.0     4,895     4,895          0.0   355    1    1   128    1    1  cupy_subtract__float64_float64_float64
      0.0            4,736          1   4,736.0   4,736.0     4,736     4,736          0.0   355    1    1   128    1    1  cupy_absolute__float64_float64

Processing [measurements/task10/task10_prof_fixed2.sqlite] with [/appl/cuda/11.8.0/nsight-systems-2022.4.2/host-linux-x64/reports/gpumemtimesum.py]...

 ** GPU MemOps Summary (by Time) (gpumemtimesum):

 Time (%)  Total Time (ns)  Count  Avg (ns)  Med (ns)  Min (ns)  Max (ns)  StdDev (ns)      Operation
 --------  ---------------  -----  --------  --------  --------  --------  -----------  ------------------
     44.2        2,222,733  1,020   2,179.2   2,304.0     1,536     9,984        404.6  [CUDA memcpy DtoH]
     39.7        1,996,684     20  99,834.2  99,840.5    24,608   182,369     76,878.6  [CUDA memcpy HtoD]
     12.8          644,870     30  21,495.7  25,792.0     8,896    31,808      9,067.5  [CUDA memcpy DtoD]
      3.3          167,427     10  16,742.7  16,544.0    16,320    18,336        593.5  [CUDA memset]

Processing [measurements/task10/task10_prof_fixed2.sqlite] with [/appl/cuda/11.8.0/nsight-systems-2022.4.2/host-linux-x64/reports/gpumemsizesum.py]...

 ** GPU MemOps Summary (by Size) (gpumemsizesum):

 Total (MB)  Count  Avg (MB)  Med (MB)  Min (MB)  Max (MB)  StdDev (MB)      Operation
 ----------  -----  --------  --------  --------  --------  -----------  ------------------
     44.893     30     1.496     2.114     0.262     2.114        0.888  [CUDA memcpy DtoD]
     23.593     20     1.180     1.180     0.262     2.097        0.941  [CUDA memcpy HtoD]
     21.136     10     2.114     2.114     2.114     2.114        0.000  [CUDA memset]
      0.004  1,020     0.000     0.000     0.000     0.000        0.000  [CUDA memcpy DtoH]